(kicad_pcb (version 20171130) (host pcbnew "(5.0.2)-1")

  (general
    (thickness 1.6)
    (drawings 15)
    (tracks 142)
    (zones 0)
    (modules 16)
    (nets 38)
  )

  (page A4)
  (title_block
    (title "Beehive pHAT")
    (date 2019-01-29)
    (rev v2.1)
    (company "University of Glasgow")
  )

  (layers
    (0 F.Cu signal)
    (31 B.Cu signal)
    (32 B.Adhes user)
    (33 F.Adhes user)
    (34 B.Paste user)
    (35 F.Paste user)
    (36 B.SilkS user)
    (37 F.SilkS user)
    (38 B.Mask user)
    (39 F.Mask user)
    (40 Dwgs.User user)
    (41 Cmts.User user)
    (42 Eco1.User user)
    (43 Eco2.User user)
    (44 Edge.Cuts user)
    (45 Margin user)
    (46 B.CrtYd user hide)
    (47 F.CrtYd user hide)
    (48 B.Fab user hide)
    (49 F.Fab user hide)
  )

  (setup
    (last_trace_width 0.3)
    (trace_clearance 0.3)
    (zone_clearance 0.508)
    (zone_45_only no)
    (trace_min 0.2)
    (segment_width 0.1)
    (edge_width 0.1)
    (via_size 0.9)
    (via_drill 0.6)
    (via_min_size 0.8)
    (via_min_drill 0.5)
    (uvia_size 0.5)
    (uvia_drill 0.1)
    (uvias_allowed no)
    (uvia_min_size 0.5)
    (uvia_min_drill 0.1)
    (pcb_text_width 0.3)
    (pcb_text_size 1 1)
    (mod_edge_width 0.15)
    (mod_text_size 1 1)
    (mod_text_width 0.15)
    (pad_size 1.7 1.7)
    (pad_drill 1)
    (pad_to_mask_clearance 0)
    (solder_mask_min_width 0.25)
    (aux_axis_origin 200 150)
    (grid_origin 200 150)
    (visible_elements 7FFFFFFF)
    (pcbplotparams
      (layerselection 0x01000_ffffffff)
      (usegerberextensions true)
      (usegerberattributes false)
      (usegerberadvancedattributes false)
      (creategerberjobfile false)
      (excludeedgelayer true)
      (linewidth 0.150000)
      (plotframeref false)
      (viasonmask false)
      (mode 1)
      (useauxorigin false)
      (hpglpennumber 1)
      (hpglpenspeed 20)
      (hpglpendiameter 15.000000)
      (psnegative false)
      (psa4output false)
      (plotreference true)
      (plotvalue true)
      (plotinvisibletext false)
      (padsonsilk false)
      (subtractmaskfromsilk false)
      (outputformat 1)
      (mirror false)
      (drillshape 0)
      (scaleselection 1)
      (outputdirectory "gerbers/"))
  )

  (net 0 "")
  (net 1 +3V3)
  (net 2 GND)
  (net 3 "Net-(P1-Pad2)")
  (net 4 "Net-(P1-Pad4)")
  (net 5 "Net-(P1-Pad8)")
  (net 6 "Net-(P1-Pad10)")
  (net 7 "Net-(P1-Pad12)")
  (net 8 "Net-(P1-Pad16)")
  (net 9 "Net-(P1-Pad18)")
  (net 10 "Net-(P1-Pad19)")
  (net 11 "Net-(P1-Pad22)")
  (net 12 "Net-(P1-Pad24)")
  (net 13 "Net-(P1-Pad26)")
  (net 14 "Net-(P1-Pad27)")
  (net 15 "Net-(P1-Pad28)")
  (net 16 "Net-(P1-Pad29)")
  (net 17 "Net-(P1-Pad31)")
  (net 18 "Net-(P1-Pad32)")
  (net 19 "Net-(P1-Pad33)")
  (net 20 "Net-(P1-Pad35)")
  (net 21 "Net-(P1-Pad36)")
  (net 22 "Net-(P1-Pad38)")
  (net 23 "Net-(P1-Pad40)")
  (net 24 /SCL1)
  (net 25 /SDA1)
  (net 26 /SCL0)
  (net 27 /SDA0)
  (net 28 /SCLA)
  (net 29 /SDAA)
  (net 30 /alarm_hive)
  (net 31 /alarm_air)
  (net 32 "Net-(U2-Pad7)")
  (net 33 "Net-(U2-Pad6)")
  (net 34 /Vcore)
  (net 35 "Net-(P1-Pad23)")
  (net 36 "Net-(P1-Pad21)")
  (net 37 "Net-(P1-Pad15)")

  (net_class Default "This is the default net class."
    (clearance 0.3)
    (trace_width 0.3)
    (via_dia 0.9)
    (via_drill 0.6)
    (uvia_dia 0.5)
    (uvia_drill 0.1)
    (add_net /SCL0)
    (add_net /SCL1)
    (add_net /SCLA)
    (add_net /SDA0)
    (add_net /SDA1)
    (add_net /SDAA)
    (add_net /Vcore)
    (add_net /alarm_air)
    (add_net /alarm_hive)
    (add_net "Net-(P1-Pad10)")
    (add_net "Net-(P1-Pad12)")
    (add_net "Net-(P1-Pad15)")
    (add_net "Net-(P1-Pad16)")
    (add_net "Net-(P1-Pad18)")
    (add_net "Net-(P1-Pad19)")
    (add_net "Net-(P1-Pad2)")
    (add_net "Net-(P1-Pad21)")
    (add_net "Net-(P1-Pad22)")
    (add_net "Net-(P1-Pad23)")
    (add_net "Net-(P1-Pad24)")
    (add_net "Net-(P1-Pad26)")
    (add_net "Net-(P1-Pad27)")
    (add_net "Net-(P1-Pad28)")
    (add_net "Net-(P1-Pad29)")
    (add_net "Net-(P1-Pad31)")
    (add_net "Net-(P1-Pad32)")
    (add_net "Net-(P1-Pad33)")
    (add_net "Net-(P1-Pad35)")
    (add_net "Net-(P1-Pad36)")
    (add_net "Net-(P1-Pad38)")
    (add_net "Net-(P1-Pad4)")
    (add_net "Net-(P1-Pad40)")
    (add_net "Net-(P1-Pad8)")
    (add_net "Net-(U2-Pad6)")
    (add_net "Net-(U2-Pad7)")
  )

  (net_class Power ""
    (clearance 0.3)
    (trace_width 0.5)
    (via_dia 1)
    (via_drill 0.7)
    (uvia_dia 0.5)
    (uvia_drill 0.1)
    (add_net +3V3)
    (add_net GND)
  )

  (module Resistor_SMD:R_0805_2012Metric_Pad1.15x1.40mm_HandSolder (layer F.Cu) (tedit 5B36C52B) (tstamp 5C63152C)
    (at 233.655 135.395 90)
    (descr "Resistor SMD 0805 (2012 Metric), square (rectangular) end terminal, IPC_7351 nominal with elongated pad for handsoldering. (Body size source: https://docs.google.com/spreadsheets/d/1BsfQQcO9C6DZCsRaXUlFlo91Tg2WpOkGARC1WS5S8t0/edit?usp=sharing), generated with kicad-footprint-generator")
    (tags "resistor handsolder")
    (path /5C49901B)
    (attr smd)
    (fp_text reference R2 (at 0 0 180) (layer F.SilkS)
      (effects (font (size 1 1) (thickness 0.15)))
    )
    (fp_text value 5K (at 0 1.65 90) (layer F.Fab)
      (effects (font (size 1 1) (thickness 0.15)))
    )
    (fp_text user %R (at 0 0 90) (layer F.Fab)
      (effects (font (size 0.5 0.5) (thickness 0.08)))
    )
    (fp_line (start 1.85 0.95) (end -1.85 0.95) (layer F.CrtYd) (width 0.05))
    (fp_line (start 1.85 -0.95) (end 1.85 0.95) (layer F.CrtYd) (width 0.05))
    (fp_line (start -1.85 -0.95) (end 1.85 -0.95) (layer F.CrtYd) (width 0.05))
    (fp_line (start -1.85 0.95) (end -1.85 -0.95) (layer F.CrtYd) (width 0.05))
    (fp_line (start -0.261252 0.71) (end 0.261252 0.71) (layer F.SilkS) (width 0.12))
    (fp_line (start -0.261252 -0.71) (end 0.261252 -0.71) (layer F.SilkS) (width 0.12))
    (fp_line (start 1 0.6) (end -1 0.6) (layer F.Fab) (width 0.1))
    (fp_line (start 1 -0.6) (end 1 0.6) (layer F.Fab) (width 0.1))
    (fp_line (start -1 -0.6) (end 1 -0.6) (layer F.Fab) (width 0.1))
    (fp_line (start -1 0.6) (end -1 -0.6) (layer F.Fab) (width 0.1))
    (pad 2 smd roundrect (at 1.025 0 90) (size 1.15 1.4) (layers F.Cu F.Paste F.Mask) (roundrect_rratio 0.217391)
      (net 29 /SDAA))
    (pad 1 smd roundrect (at -1.025 0 90) (size 1.15 1.4) (layers F.Cu F.Paste F.Mask) (roundrect_rratio 0.217391)
      (net 1 +3V3))
    (model ${KISYS3DMOD}/Resistor_SMD.3dshapes/R_0805_2012Metric.wrl
      (at (xyz 0 0 0))
      (scale (xyz 1 1 1))
      (rotate (xyz 0 0 0))
    )
  )

  (module Resistor_SMD:R_0805_2012Metric_Pad1.15x1.40mm_HandSolder (layer F.Cu) (tedit 5B36C52B) (tstamp 5C63151B)
    (at 233.655 130.315 270)
    (descr "Resistor SMD 0805 (2012 Metric), square (rectangular) end terminal, IPC_7351 nominal with elongated pad for handsoldering. (Body size source: https://docs.google.com/spreadsheets/d/1BsfQQcO9C6DZCsRaXUlFlo91Tg2WpOkGARC1WS5S8t0/edit?usp=sharing), generated with kicad-footprint-generator")
    (tags "resistor handsolder")
    (path /5C499022)
    (attr smd)
    (fp_text reference R1 (at 0 0) (layer F.SilkS)
      (effects (font (size 1 1) (thickness 0.15)))
    )
    (fp_text value 5K (at 0 1.65 270) (layer F.Fab)
      (effects (font (size 1 1) (thickness 0.15)))
    )
    (fp_line (start -1 0.6) (end -1 -0.6) (layer F.Fab) (width 0.1))
    (fp_line (start -1 -0.6) (end 1 -0.6) (layer F.Fab) (width 0.1))
    (fp_line (start 1 -0.6) (end 1 0.6) (layer F.Fab) (width 0.1))
    (fp_line (start 1 0.6) (end -1 0.6) (layer F.Fab) (width 0.1))
    (fp_line (start -0.261252 -0.71) (end 0.261252 -0.71) (layer F.SilkS) (width 0.12))
    (fp_line (start -0.261252 0.71) (end 0.261252 0.71) (layer F.SilkS) (width 0.12))
    (fp_line (start -1.85 0.95) (end -1.85 -0.95) (layer F.CrtYd) (width 0.05))
    (fp_line (start -1.85 -0.95) (end 1.85 -0.95) (layer F.CrtYd) (width 0.05))
    (fp_line (start 1.85 -0.95) (end 1.85 0.95) (layer F.CrtYd) (width 0.05))
    (fp_line (start 1.85 0.95) (end -1.85 0.95) (layer F.CrtYd) (width 0.05))
    (fp_text user %R (at 0 0 270) (layer F.Fab)
      (effects (font (size 0.5 0.5) (thickness 0.08)))
    )
    (pad 1 smd roundrect (at -1.025 0 270) (size 1.15 1.4) (layers F.Cu F.Paste F.Mask) (roundrect_rratio 0.217391)
      (net 1 +3V3))
    (pad 2 smd roundrect (at 1.025 0 270) (size 1.15 1.4) (layers F.Cu F.Paste F.Mask) (roundrect_rratio 0.217391)
      (net 28 /SCLA))
    (model ${KISYS3DMOD}/Resistor_SMD.3dshapes/R_0805_2012Metric.wrl
      (at (xyz 0 0 0))
      (scale (xyz 1 1 1))
      (rotate (xyz 0 0 0))
    )
  )

  (module Capacitor_SMD:C_0805_2012Metric_Pad1.15x1.40mm_HandSolder (layer F.Cu) (tedit 5B36C52B) (tstamp 5C62B6CC)
    (at 217.145001 130.315 270)
    (descr "Capacitor SMD 0805 (2012 Metric), square (rectangular) end terminal, IPC_7351 nominal with elongated pad for handsoldering. (Body size source: https://docs.google.com/spreadsheets/d/1BsfQQcO9C6DZCsRaXUlFlo91Tg2WpOkGARC1WS5S8t0/edit?usp=sharing), generated with kicad-footprint-generator")
    (tags "capacitor handsolder")
    (path /5C63900E)
    (attr smd)
    (fp_text reference C2 (at 0.029999 0) (layer F.SilkS)
      (effects (font (size 1 1) (thickness 0.15)))
    )
    (fp_text value 0.1µ (at 0 1.65 270) (layer F.Fab)
      (effects (font (size 1 1) (thickness 0.15)))
    )
    (fp_text user %R (at 0 0 270) (layer F.Fab)
      (effects (font (size 0.5 0.5) (thickness 0.08)))
    )
    (fp_line (start 1.85 0.95) (end -1.85 0.95) (layer F.CrtYd) (width 0.05))
    (fp_line (start 1.85 -0.95) (end 1.85 0.95) (layer F.CrtYd) (width 0.05))
    (fp_line (start -1.85 -0.95) (end 1.85 -0.95) (layer F.CrtYd) (width 0.05))
    (fp_line (start -1.85 0.95) (end -1.85 -0.95) (layer F.CrtYd) (width 0.05))
    (fp_line (start -0.261252 0.71) (end 0.261252 0.71) (layer F.SilkS) (width 0.12))
    (fp_line (start -0.261252 -0.71) (end 0.261252 -0.71) (layer F.SilkS) (width 0.12))
    (fp_line (start 1 0.6) (end -1 0.6) (layer F.Fab) (width 0.1))
    (fp_line (start 1 -0.6) (end 1 0.6) (layer F.Fab) (width 0.1))
    (fp_line (start -1 -0.6) (end 1 -0.6) (layer F.Fab) (width 0.1))
    (fp_line (start -1 0.6) (end -1 -0.6) (layer F.Fab) (width 0.1))
    (pad 2 smd roundrect (at 1.025 0 270) (size 1.15 1.4) (layers F.Cu F.Paste F.Mask) (roundrect_rratio 0.217391)
      (net 2 GND))
    (pad 1 smd roundrect (at -1.025 0 270) (size 1.15 1.4) (layers F.Cu F.Paste F.Mask) (roundrect_rratio 0.217391)
      (net 34 /Vcore))
    (model ${KISYS3DMOD}/Capacitor_SMD.3dshapes/C_0805_2012Metric.wrl
      (at (xyz 0 0 0))
      (scale (xyz 1 1 1))
      (rotate (xyz 0 0 0))
    )
  )

  (module Capacitor_SMD:C_0805_2012Metric_Pad1.15x1.40mm_HandSolder (layer F.Cu) (tedit 5B36C52B) (tstamp 5C62B6BB)
    (at 217.145 135.395001 90)
    (descr "Capacitor SMD 0805 (2012 Metric), square (rectangular) end terminal, IPC_7351 nominal with elongated pad for handsoldering. (Body size source: https://docs.google.com/spreadsheets/d/1BsfQQcO9C6DZCsRaXUlFlo91Tg2WpOkGARC1WS5S8t0/edit?usp=sharing), generated with kicad-footprint-generator")
    (tags "capacitor handsolder")
    (path /5C639015)
    (attr smd)
    (fp_text reference C3 (at 0 0 180) (layer F.SilkS)
      (effects (font (size 1 1) (thickness 0.15)))
    )
    (fp_text value 0.22µ (at 0 1.65 90) (layer F.Fab)
      (effects (font (size 1 1) (thickness 0.15)))
    )
    (fp_line (start -1 0.6) (end -1 -0.6) (layer F.Fab) (width 0.1))
    (fp_line (start -1 -0.6) (end 1 -0.6) (layer F.Fab) (width 0.1))
    (fp_line (start 1 -0.6) (end 1 0.6) (layer F.Fab) (width 0.1))
    (fp_line (start 1 0.6) (end -1 0.6) (layer F.Fab) (width 0.1))
    (fp_line (start -0.261252 -0.71) (end 0.261252 -0.71) (layer F.SilkS) (width 0.12))
    (fp_line (start -0.261252 0.71) (end 0.261252 0.71) (layer F.SilkS) (width 0.12))
    (fp_line (start -1.85 0.95) (end -1.85 -0.95) (layer F.CrtYd) (width 0.05))
    (fp_line (start -1.85 -0.95) (end 1.85 -0.95) (layer F.CrtYd) (width 0.05))
    (fp_line (start 1.85 -0.95) (end 1.85 0.95) (layer F.CrtYd) (width 0.05))
    (fp_line (start 1.85 0.95) (end -1.85 0.95) (layer F.CrtYd) (width 0.05))
    (fp_text user %R (at 0 0 90) (layer F.Fab)
      (effects (font (size 0.5 0.5) (thickness 0.08)))
    )
    (pad 1 smd roundrect (at -1.025 0 90) (size 1.15 1.4) (layers F.Cu F.Paste F.Mask) (roundrect_rratio 0.217391)
      (net 1 +3V3))
    (pad 2 smd roundrect (at 1.025 0 90) (size 1.15 1.4) (layers F.Cu F.Paste F.Mask) (roundrect_rratio 0.217391)
      (net 2 GND))
    (model ${KISYS3DMOD}/Capacitor_SMD.3dshapes/C_0805_2012Metric.wrl
      (at (xyz 0 0 0))
      (scale (xyz 1 1 1))
      (rotate (xyz 0 0 0))
    )
  )

  (module Connector_Molex:Molex_KK-254_AE-6410-05A_1x05_P2.54mm_Vertical (layer F.Cu) (tedit 5B78013E) (tstamp 5C51EA95)
    (at 261.976 139.205 90)
    (descr "Molex KK-254 Interconnect System, old/engineering part number: AE-6410-05A example for new part number: 22-27-2051, 5 Pins (http://www.molex.com/pdm_docs/sd/022272021_sd.pdf), generated with kicad-footprint-generator")
    (tags "connector Molex KK-254 side entry")
    (path /5C50B707)
    (fp_text reference J_Air1 (at 5.08 -4.12 90) (layer F.SilkS)
      (effects (font (size 1 1) (thickness 0.15)))
    )
    (fp_text value Conn_01x05 (at 5.08 4.08 90) (layer F.Fab)
      (effects (font (size 1 1) (thickness 0.15)))
    )
    (fp_text user %R (at 5.08 -2.22 90) (layer F.Fab)
      (effects (font (size 1 1) (thickness 0.15)))
    )
    (fp_line (start 11.93 -3.42) (end -1.77 -3.42) (layer F.CrtYd) (width 0.05))
    (fp_line (start 11.93 3.38) (end 11.93 -3.42) (layer F.CrtYd) (width 0.05))
    (fp_line (start -1.77 3.38) (end 11.93 3.38) (layer F.CrtYd) (width 0.05))
    (fp_line (start -1.77 -3.42) (end -1.77 3.38) (layer F.CrtYd) (width 0.05))
    (fp_line (start 10.96 -2.43) (end 10.96 -3.03) (layer F.SilkS) (width 0.12))
    (fp_line (start 9.36 -2.43) (end 10.96 -2.43) (layer F.SilkS) (width 0.12))
    (fp_line (start 9.36 -3.03) (end 9.36 -2.43) (layer F.SilkS) (width 0.12))
    (fp_line (start 8.42 -2.43) (end 8.42 -3.03) (layer F.SilkS) (width 0.12))
    (fp_line (start 6.82 -2.43) (end 8.42 -2.43) (layer F.SilkS) (width 0.12))
    (fp_line (start 6.82 -3.03) (end 6.82 -2.43) (layer F.SilkS) (width 0.12))
    (fp_line (start 5.88 -2.43) (end 5.88 -3.03) (layer F.SilkS) (width 0.12))
    (fp_line (start 4.28 -2.43) (end 5.88 -2.43) (layer F.SilkS) (width 0.12))
    (fp_line (start 4.28 -3.03) (end 4.28 -2.43) (layer F.SilkS) (width 0.12))
    (fp_line (start 3.34 -2.43) (end 3.34 -3.03) (layer F.SilkS) (width 0.12))
    (fp_line (start 1.74 -2.43) (end 3.34 -2.43) (layer F.SilkS) (width 0.12))
    (fp_line (start 1.74 -3.03) (end 1.74 -2.43) (layer F.SilkS) (width 0.12))
    (fp_line (start 0.8 -2.43) (end 0.8 -3.03) (layer F.SilkS) (width 0.12))
    (fp_line (start -0.8 -2.43) (end 0.8 -2.43) (layer F.SilkS) (width 0.12))
    (fp_line (start -0.8 -3.03) (end -0.8 -2.43) (layer F.SilkS) (width 0.12))
    (fp_line (start 9.91 2.99) (end 9.91 1.99) (layer F.SilkS) (width 0.12))
    (fp_line (start 0.25 2.99) (end 0.25 1.99) (layer F.SilkS) (width 0.12))
    (fp_line (start 9.91 1.46) (end 10.16 1.99) (layer F.SilkS) (width 0.12))
    (fp_line (start 0.25 1.46) (end 9.91 1.46) (layer F.SilkS) (width 0.12))
    (fp_line (start 0 1.99) (end 0.25 1.46) (layer F.SilkS) (width 0.12))
    (fp_line (start 10.16 1.99) (end 10.16 2.99) (layer F.SilkS) (width 0.12))
    (fp_line (start 0 1.99) (end 10.16 1.99) (layer F.SilkS) (width 0.12))
    (fp_line (start 0 2.99) (end 0 1.99) (layer F.SilkS) (width 0.12))
    (fp_line (start -0.562893 0) (end -1.27 0.5) (layer F.Fab) (width 0.1))
    (fp_line (start -1.27 -0.5) (end -0.562893 0) (layer F.Fab) (width 0.1))
    (fp_line (start -1.67 -2) (end -1.67 2) (layer F.SilkS) (width 0.12))
    (fp_line (start 11.54 -3.03) (end -1.38 -3.03) (layer F.SilkS) (width 0.12))
    (fp_line (start 11.54 2.99) (end 11.54 -3.03) (layer F.SilkS) (width 0.12))
    (fp_line (start -1.38 2.99) (end 11.54 2.99) (layer F.SilkS) (width 0.12))
    (fp_line (start -1.38 -3.03) (end -1.38 2.99) (layer F.SilkS) (width 0.12))
    (fp_line (start 11.43 -2.92) (end -1.27 -2.92) (layer F.Fab) (width 0.1))
    (fp_line (start 11.43 2.88) (end 11.43 -2.92) (layer F.Fab) (width 0.1))
    (fp_line (start -1.27 2.88) (end 11.43 2.88) (layer F.Fab) (width 0.1))
    (fp_line (start -1.27 -2.92) (end -1.27 2.88) (layer F.Fab) (width 0.1))
    (pad 5 thru_hole oval (at 10.16 0 90) (size 1.74 2.2) (drill 1.2) (layers *.Cu *.Mask)
      (net 1 +3V3))
    (pad 4 thru_hole oval (at 7.62 0 90) (size 1.74 2.2) (drill 1.2) (layers *.Cu *.Mask)
      (net 28 /SCLA))
    (pad 3 thru_hole oval (at 5.08 0 90) (size 1.74 2.2) (drill 1.2) (layers *.Cu *.Mask)
      (net 29 /SDAA))
    (pad 2 thru_hole oval (at 2.54 0 90) (size 1.74 2.2) (drill 1.2) (layers *.Cu *.Mask)
      (net 31 /alarm_air))
    (pad 1 thru_hole roundrect (at 0 0 90) (size 1.74 2.2) (drill 1.2) (layers *.Cu *.Mask) (roundrect_rratio 0.143678)
      (net 2 GND))
    (model ${KISYS3DMOD}/Connector_Molex.3dshapes/Molex_KK-254_AE-6410-05A_1x05_P2.54mm_Vertical.wrl
      (at (xyz 0 0 0))
      (scale (xyz 1 1 1))
      (rotate (xyz 0 0 0))
    )
  )

  (module Resistor_SMD:R_0805_2012Metric_Pad1.15x1.40mm_HandSolder (layer F.Cu) (tedit 5B36C52B) (tstamp 5C55CB85)
    (at 209.525 130.315 270)
    (descr "Resistor SMD 0805 (2012 Metric), square (rectangular) end terminal, IPC_7351 nominal with elongated pad for handsoldering. (Body size source: https://docs.google.com/spreadsheets/d/1BsfQQcO9C6DZCsRaXUlFlo91Tg2WpOkGARC1WS5S8t0/edit?usp=sharing), generated with kicad-footprint-generator")
    (tags "resistor handsolder")
    (path /5C45F9EB)
    (attr smd)
    (fp_text reference R3 (at 0 0) (layer F.SilkS)
      (effects (font (size 1 1) (thickness 0.15)))
    )
    (fp_text value 5K (at 0 1.65 270) (layer F.Fab)
      (effects (font (size 1 1) (thickness 0.15)))
    )
    (fp_line (start -1 0.6) (end -1 -0.6) (layer F.Fab) (width 0.1))
    (fp_line (start -1 -0.6) (end 1 -0.6) (layer F.Fab) (width 0.1))
    (fp_line (start 1 -0.6) (end 1 0.6) (layer F.Fab) (width 0.1))
    (fp_line (start 1 0.6) (end -1 0.6) (layer F.Fab) (width 0.1))
    (fp_line (start -0.261252 -0.71) (end 0.261252 -0.71) (layer F.SilkS) (width 0.12))
    (fp_line (start -0.261252 0.71) (end 0.261252 0.71) (layer F.SilkS) (width 0.12))
    (fp_line (start -1.85 0.95) (end -1.85 -0.95) (layer F.CrtYd) (width 0.05))
    (fp_line (start -1.85 -0.95) (end 1.85 -0.95) (layer F.CrtYd) (width 0.05))
    (fp_line (start 1.85 -0.95) (end 1.85 0.95) (layer F.CrtYd) (width 0.05))
    (fp_line (start 1.85 0.95) (end -1.85 0.95) (layer F.CrtYd) (width 0.05))
    (fp_text user %R (at 0 0 270) (layer F.Fab)
      (effects (font (size 0.5 0.5) (thickness 0.08)))
    )
    (pad 1 smd roundrect (at -1.025 0 270) (size 1.15 1.4) (layers F.Cu F.Paste F.Mask) (roundrect_rratio 0.217391)
      (net 1 +3V3))
    (pad 2 smd roundrect (at 1.025 0 270) (size 1.15 1.4) (layers F.Cu F.Paste F.Mask) (roundrect_rratio 0.217391)
      (net 27 /SDA0))
    (model ${KISYS3DMOD}/Resistor_SMD.3dshapes/R_0805_2012Metric.wrl
      (at (xyz 0 0 0))
      (scale (xyz 1 1 1))
      (rotate (xyz 0 0 0))
    )
  )

  (module Resistor_SMD:R_0805_2012Metric_Pad1.15x1.40mm_HandSolder (layer F.Cu) (tedit 5B36C52B) (tstamp 5C55CB41)
    (at 209.525 135.395 90)
    (descr "Resistor SMD 0805 (2012 Metric), square (rectangular) end terminal, IPC_7351 nominal with elongated pad for handsoldering. (Body size source: https://docs.google.com/spreadsheets/d/1BsfQQcO9C6DZCsRaXUlFlo91Tg2WpOkGARC1WS5S8t0/edit?usp=sharing), generated with kicad-footprint-generator")
    (tags "resistor handsolder")
    (path /5C45F9F2)
    (attr smd)
    (fp_text reference R4 (at 0 0 180) (layer F.SilkS)
      (effects (font (size 1 1) (thickness 0.15)))
    )
    (fp_text value 5K (at 0 1.65 90) (layer F.Fab)
      (effects (font (size 1 1) (thickness 0.15)))
    )
    (fp_line (start -1 0.6) (end -1 -0.6) (layer F.Fab) (width 0.1))
    (fp_line (start -1 -0.6) (end 1 -0.6) (layer F.Fab) (width 0.1))
    (fp_line (start 1 -0.6) (end 1 0.6) (layer F.Fab) (width 0.1))
    (fp_line (start 1 0.6) (end -1 0.6) (layer F.Fab) (width 0.1))
    (fp_line (start -0.261252 -0.71) (end 0.261252 -0.71) (layer F.SilkS) (width 0.12))
    (fp_line (start -0.261252 0.71) (end 0.261252 0.71) (layer F.SilkS) (width 0.12))
    (fp_line (start -1.85 0.95) (end -1.85 -0.95) (layer F.CrtYd) (width 0.05))
    (fp_line (start -1.85 -0.95) (end 1.85 -0.95) (layer F.CrtYd) (width 0.05))
    (fp_line (start 1.85 -0.95) (end 1.85 0.95) (layer F.CrtYd) (width 0.05))
    (fp_line (start 1.85 0.95) (end -1.85 0.95) (layer F.CrtYd) (width 0.05))
    (fp_text user %R (at 0 0 90) (layer F.Fab)
      (effects (font (size 0.5 0.5) (thickness 0.08)))
    )
    (pad 1 smd roundrect (at -1.025 0 90) (size 1.15 1.4) (layers F.Cu F.Paste F.Mask) (roundrect_rratio 0.217391)
      (net 1 +3V3))
    (pad 2 smd roundrect (at 1.025 0 90) (size 1.15 1.4) (layers F.Cu F.Paste F.Mask) (roundrect_rratio 0.217391)
      (net 26 /SCL0))
    (model ${KISYS3DMOD}/Resistor_SMD.3dshapes/R_0805_2012Metric.wrl
      (at (xyz 0 0 0))
      (scale (xyz 1 1 1))
      (rotate (xyz 0 0 0))
    )
  )

  (module Resistor_SMD:R_0805_2012Metric_Pad1.15x1.40mm_HandSolder (layer F.Cu) (tedit 5B36C52B) (tstamp 5C55CB30)
    (at 226.035 135.395 90)
    (descr "Resistor SMD 0805 (2012 Metric), square (rectangular) end terminal, IPC_7351 nominal with elongated pad for handsoldering. (Body size source: https://docs.google.com/spreadsheets/d/1BsfQQcO9C6DZCsRaXUlFlo91Tg2WpOkGARC1WS5S8t0/edit?usp=sharing), generated with kicad-footprint-generator")
    (tags "resistor handsolder")
    (path /5C45FC34)
    (attr smd)
    (fp_text reference R5 (at 0 0 180) (layer F.SilkS)
      (effects (font (size 1 1) (thickness 0.15)))
    )
    (fp_text value 5K (at 0 1.65 90) (layer F.Fab)
      (effects (font (size 1 1) (thickness 0.15)))
    )
    (fp_text user %R (at 0 0 90) (layer F.Fab)
      (effects (font (size 0.5 0.5) (thickness 0.08)))
    )
    (fp_line (start 1.85 0.95) (end -1.85 0.95) (layer F.CrtYd) (width 0.05))
    (fp_line (start 1.85 -0.95) (end 1.85 0.95) (layer F.CrtYd) (width 0.05))
    (fp_line (start -1.85 -0.95) (end 1.85 -0.95) (layer F.CrtYd) (width 0.05))
    (fp_line (start -1.85 0.95) (end -1.85 -0.95) (layer F.CrtYd) (width 0.05))
    (fp_line (start -0.261252 0.71) (end 0.261252 0.71) (layer F.SilkS) (width 0.12))
    (fp_line (start -0.261252 -0.71) (end 0.261252 -0.71) (layer F.SilkS) (width 0.12))
    (fp_line (start 1 0.6) (end -1 0.6) (layer F.Fab) (width 0.1))
    (fp_line (start 1 -0.6) (end 1 0.6) (layer F.Fab) (width 0.1))
    (fp_line (start -1 -0.6) (end 1 -0.6) (layer F.Fab) (width 0.1))
    (fp_line (start -1 0.6) (end -1 -0.6) (layer F.Fab) (width 0.1))
    (pad 2 smd roundrect (at 1.025 0 90) (size 1.15 1.4) (layers F.Cu F.Paste F.Mask) (roundrect_rratio 0.217391)
      (net 25 /SDA1))
    (pad 1 smd roundrect (at -1.025 0 90) (size 1.15 1.4) (layers F.Cu F.Paste F.Mask) (roundrect_rratio 0.217391)
      (net 1 +3V3))
    (model ${KISYS3DMOD}/Resistor_SMD.3dshapes/R_0805_2012Metric.wrl
      (at (xyz 0 0 0))
      (scale (xyz 1 1 1))
      (rotate (xyz 0 0 0))
    )
  )

  (module Resistor_SMD:R_0805_2012Metric_Pad1.15x1.40mm_HandSolder (layer F.Cu) (tedit 5B36C52B) (tstamp 5C55CB1F)
    (at 226.035 130.315 270)
    (descr "Resistor SMD 0805 (2012 Metric), square (rectangular) end terminal, IPC_7351 nominal with elongated pad for handsoldering. (Body size source: https://docs.google.com/spreadsheets/d/1BsfQQcO9C6DZCsRaXUlFlo91Tg2WpOkGARC1WS5S8t0/edit?usp=sharing), generated with kicad-footprint-generator")
    (tags "resistor handsolder")
    (path /5C45FC3B)
    (attr smd)
    (fp_text reference R6 (at 0 0) (layer F.SilkS)
      (effects (font (size 1 1) (thickness 0.15)))
    )
    (fp_text value 5K (at 0 1.65 270) (layer F.Fab)
      (effects (font (size 1 1) (thickness 0.15)))
    )
    (fp_line (start -1 0.6) (end -1 -0.6) (layer F.Fab) (width 0.1))
    (fp_line (start -1 -0.6) (end 1 -0.6) (layer F.Fab) (width 0.1))
    (fp_line (start 1 -0.6) (end 1 0.6) (layer F.Fab) (width 0.1))
    (fp_line (start 1 0.6) (end -1 0.6) (layer F.Fab) (width 0.1))
    (fp_line (start -0.261252 -0.71) (end 0.261252 -0.71) (layer F.SilkS) (width 0.12))
    (fp_line (start -0.261252 0.71) (end 0.261252 0.71) (layer F.SilkS) (width 0.12))
    (fp_line (start -1.85 0.95) (end -1.85 -0.95) (layer F.CrtYd) (width 0.05))
    (fp_line (start -1.85 -0.95) (end 1.85 -0.95) (layer F.CrtYd) (width 0.05))
    (fp_line (start 1.85 -0.95) (end 1.85 0.95) (layer F.CrtYd) (width 0.05))
    (fp_line (start 1.85 0.95) (end -1.85 0.95) (layer F.CrtYd) (width 0.05))
    (fp_text user %R (at 0 0 270) (layer F.Fab)
      (effects (font (size 0.5 0.5) (thickness 0.08)))
    )
    (pad 1 smd roundrect (at -1.025 0 270) (size 1.15 1.4) (layers F.Cu F.Paste F.Mask) (roundrect_rratio 0.217391)
      (net 1 +3V3))
    (pad 2 smd roundrect (at 1.025 0 270) (size 1.15 1.4) (layers F.Cu F.Paste F.Mask) (roundrect_rratio 0.217391)
      (net 24 /SCL1))
    (model ${KISYS3DMOD}/Resistor_SMD.3dshapes/R_0805_2012Metric.wrl
      (at (xyz 0 0 0))
      (scale (xyz 1 1 1))
      (rotate (xyz 0 0 0))
    )
  )

  (module Package_SO:SOIC-8_3.9x4.9mm_P1.27mm (layer F.Cu) (tedit 5A02F2D3) (tstamp 5C55B383)
    (at 213.335 132.855 270)
    (descr "8-Lead Plastic Small Outline (SN) - Narrow, 3.90 mm Body [SOIC] (see Microchip Packaging Specification http://ww1.microchip.com/downloads/en/PackagingSpec/00000049BQ.pdf)")
    (tags "SOIC 1.27")
    (path /5C630BFF)
    (attr smd)
    (fp_text reference U2 (at 0 -0.16 270) (layer F.SilkS)
      (effects (font (size 1 1) (thickness 0.15)))
    )
    (fp_text value HIH6131-021 (at 0 3.5 270) (layer F.Fab)
      (effects (font (size 1 1) (thickness 0.15)))
    )
    (fp_line (start -2.075 -2.525) (end -3.475 -2.525) (layer F.SilkS) (width 0.15))
    (fp_line (start -2.075 2.575) (end 2.075 2.575) (layer F.SilkS) (width 0.15))
    (fp_line (start -2.075 -2.575) (end 2.075 -2.575) (layer F.SilkS) (width 0.15))
    (fp_line (start -2.075 2.575) (end -2.075 2.43) (layer F.SilkS) (width 0.15))
    (fp_line (start 2.075 2.575) (end 2.075 2.43) (layer F.SilkS) (width 0.15))
    (fp_line (start 2.075 -2.575) (end 2.075 -2.43) (layer F.SilkS) (width 0.15))
    (fp_line (start -2.075 -2.575) (end -2.075 -2.525) (layer F.SilkS) (width 0.15))
    (fp_line (start -3.73 2.7) (end 3.73 2.7) (layer F.CrtYd) (width 0.05))
    (fp_line (start -3.73 -2.7) (end 3.73 -2.7) (layer F.CrtYd) (width 0.05))
    (fp_line (start 3.73 -2.7) (end 3.73 2.7) (layer F.CrtYd) (width 0.05))
    (fp_line (start -3.73 -2.7) (end -3.73 2.7) (layer F.CrtYd) (width 0.05))
    (fp_line (start -1.95 -1.45) (end -0.95 -2.45) (layer F.Fab) (width 0.1))
    (fp_line (start -1.95 2.45) (end -1.95 -1.45) (layer F.Fab) (width 0.1))
    (fp_line (start 1.95 2.45) (end -1.95 2.45) (layer F.Fab) (width 0.1))
    (fp_line (start 1.95 -2.45) (end 1.95 2.45) (layer F.Fab) (width 0.1))
    (fp_line (start -0.95 -2.45) (end 1.95 -2.45) (layer F.Fab) (width 0.1))
    (fp_text user %R (at 0 0 270) (layer F.Fab)
      (effects (font (size 1 1) (thickness 0.15)))
    )
    (pad 8 smd rect (at 2.7 -1.905 270) (size 1.55 0.6) (layers F.Cu F.Paste F.Mask)
      (net 1 +3V3))
    (pad 7 smd rect (at 2.7 -0.635 270) (size 1.55 0.6) (layers F.Cu F.Paste F.Mask)
      (net 32 "Net-(U2-Pad7)"))
    (pad 6 smd rect (at 2.7 0.635 270) (size 1.55 0.6) (layers F.Cu F.Paste F.Mask)
      (net 33 "Net-(U2-Pad6)"))
    (pad 5 smd rect (at 2.7 1.905 270) (size 1.55 0.6) (layers F.Cu F.Paste F.Mask)
      (net 30 /alarm_hive))
    (pad 4 smd rect (at -2.7 1.905 270) (size 1.55 0.6) (layers F.Cu F.Paste F.Mask)
      (net 27 /SDA0))
    (pad 3 smd rect (at -2.7 0.635 270) (size 1.55 0.6) (layers F.Cu F.Paste F.Mask)
      (net 26 /SCL0))
    (pad 2 smd rect (at -2.7 -0.635 270) (size 1.55 0.6) (layers F.Cu F.Paste F.Mask)
      (net 2 GND))
    (pad 1 smd rect (at -2.7 -1.905 270) (size 1.55 0.6) (layers F.Cu F.Paste F.Mask)
      (net 34 /Vcore))
    (model ${KISYS3DMOD}/Package_SO.3dshapes/SOIC-8_3.9x4.9mm_P1.27mm.wrl
      (at (xyz 0 0 0))
      (scale (xyz 1 1 1))
      (rotate (xyz 0 0 0))
    )
  )

  (module Package_SO:SOIC-8_3.9x4.9mm_P1.27mm (layer F.Cu) (tedit 5A02F2D3) (tstamp 5C55B366)
    (at 229.845 132.855 90)
    (descr "8-Lead Plastic Small Outline (SN) - Narrow, 3.90 mm Body [SOIC] (see Microchip Packaging Specification http://ww1.microchip.com/downloads/en/PackagingSpec/00000049BQ.pdf)")
    (tags "SOIC 1.27")
    (path /5C48E452)
    (attr smd)
    (fp_text reference U3 (at 0 -0.16 90) (layer F.SilkS)
      (effects (font (size 1 1) (thickness 0.15)))
    )
    (fp_text value P82B96 (at 0 3.5 90) (layer F.Fab)
      (effects (font (size 1 1) (thickness 0.15)))
    )
    (fp_text user %R (at 0 0 90) (layer F.Fab)
      (effects (font (size 1 1) (thickness 0.15)))
    )
    (fp_line (start -0.95 -2.45) (end 1.95 -2.45) (layer F.Fab) (width 0.1))
    (fp_line (start 1.95 -2.45) (end 1.95 2.45) (layer F.Fab) (width 0.1))
    (fp_line (start 1.95 2.45) (end -1.95 2.45) (layer F.Fab) (width 0.1))
    (fp_line (start -1.95 2.45) (end -1.95 -1.45) (layer F.Fab) (width 0.1))
    (fp_line (start -1.95 -1.45) (end -0.95 -2.45) (layer F.Fab) (width 0.1))
    (fp_line (start -3.73 -2.7) (end -3.73 2.7) (layer F.CrtYd) (width 0.05))
    (fp_line (start 3.73 -2.7) (end 3.73 2.7) (layer F.CrtYd) (width 0.05))
    (fp_line (start -3.73 -2.7) (end 3.73 -2.7) (layer F.CrtYd) (width 0.05))
    (fp_line (start -3.73 2.7) (end 3.73 2.7) (layer F.CrtYd) (width 0.05))
    (fp_line (start -2.075 -2.575) (end -2.075 -2.525) (layer F.SilkS) (width 0.15))
    (fp_line (start 2.075 -2.575) (end 2.075 -2.43) (layer F.SilkS) (width 0.15))
    (fp_line (start 2.075 2.575) (end 2.075 2.43) (layer F.SilkS) (width 0.15))
    (fp_line (start -2.075 2.575) (end -2.075 2.43) (layer F.SilkS) (width 0.15))
    (fp_line (start -2.075 -2.575) (end 2.075 -2.575) (layer F.SilkS) (width 0.15))
    (fp_line (start -2.075 2.575) (end 2.075 2.575) (layer F.SilkS) (width 0.15))
    (fp_line (start -2.075 -2.525) (end -3.475 -2.525) (layer F.SilkS) (width 0.15))
    (pad 1 smd rect (at -2.7 -1.905 90) (size 1.55 0.6) (layers F.Cu F.Paste F.Mask)
      (net 25 /SDA1))
    (pad 2 smd rect (at -2.7 -0.635 90) (size 1.55 0.6) (layers F.Cu F.Paste F.Mask)
      (net 29 /SDAA))
    (pad 3 smd rect (at -2.7 0.635 90) (size 1.55 0.6) (layers F.Cu F.Paste F.Mask)
      (net 29 /SDAA))
    (pad 4 smd rect (at -2.7 1.905 90) (size 1.55 0.6) (layers F.Cu F.Paste F.Mask)
      (net 2 GND))
    (pad 5 smd rect (at 2.7 1.905 90) (size 1.55 0.6) (layers F.Cu F.Paste F.Mask)
      (net 28 /SCLA))
    (pad 6 smd rect (at 2.7 0.635 90) (size 1.55 0.6) (layers F.Cu F.Paste F.Mask)
      (net 28 /SCLA))
    (pad 7 smd rect (at 2.7 -0.635 90) (size 1.55 0.6) (layers F.Cu F.Paste F.Mask)
      (net 24 /SCL1))
    (pad 8 smd rect (at 2.7 -1.905 90) (size 1.55 0.6) (layers F.Cu F.Paste F.Mask)
      (net 1 +3V3))
    (model ${KISYS3DMOD}/Package_SO.3dshapes/SOIC-8_3.9x4.9mm_P1.27mm.wrl
      (at (xyz 0 0 0))
      (scale (xyz 1 1 1))
      (rotate (xyz 0 0 0))
    )
  )

  (module Connector_PinSocket_2.54mm:PinSocket_2x20_P2.54mm_Vertical locked (layer B.Cu) (tedit 5C62D453) (tstamp 5A793E9F)
    (at 208.37 124.77 270)
    (descr "Through hole straight socket strip, 2x20, 2.54mm pitch, double cols (from Kicad 4.0.7), script generated")
    (tags "Through hole socket strip THT 2x20 2.54mm double row")
    (path /59AD464A)
    (fp_text reference P1 (at 2.208 1.512) (layer B.SilkS)
      (effects (font (size 1 1) (thickness 0.15)) (justify mirror))
    )
    (fp_text value Conn_02x20_Odd_Even (at -1.27 -51.03 270) (layer B.Fab)
      (effects (font (size 1 1) (thickness 0.15)) (justify mirror))
    )
    (fp_line (start -3.81 1.27) (end 0.27 1.27) (layer B.Fab) (width 0.1))
    (fp_line (start 0.27 1.27) (end 1.27 0.27) (layer B.Fab) (width 0.1))
    (fp_line (start 1.27 0.27) (end 1.27 -49.53) (layer B.Fab) (width 0.1))
    (fp_line (start 1.27 -49.53) (end -3.81 -49.53) (layer B.Fab) (width 0.1))
    (fp_line (start -3.81 -49.53) (end -3.81 1.27) (layer B.Fab) (width 0.1))
    (fp_line (start -3.87 1.33) (end -1.27 1.33) (layer B.SilkS) (width 0.12))
    (fp_line (start -3.87 1.33) (end -3.87 -49.59) (layer B.SilkS) (width 0.12))
    (fp_line (start -3.87 -49.59) (end 1.33 -49.59) (layer B.SilkS) (width 0.12))
    (fp_line (start 1.33 -1.27) (end 1.33 -49.59) (layer B.SilkS) (width 0.12))
    (fp_line (start -1.27 -1.27) (end 1.33 -1.27) (layer B.SilkS) (width 0.12))
    (fp_line (start -1.27 1.33) (end -1.27 -1.27) (layer B.SilkS) (width 0.12))
    (fp_line (start 1.33 1.33) (end 1.33 0) (layer B.SilkS) (width 0.12))
    (fp_line (start 0 1.33) (end 1.33 1.33) (layer B.SilkS) (width 0.12))
    (fp_line (start -4.34 1.8) (end 1.76 1.8) (layer B.CrtYd) (width 0.05))
    (fp_line (start 1.76 1.8) (end 1.76 -50) (layer B.CrtYd) (width 0.05))
    (fp_line (start 1.76 -50) (end -4.34 -50) (layer B.CrtYd) (width 0.05))
    (fp_line (start -4.34 -50) (end -4.34 1.8) (layer B.CrtYd) (width 0.05))
    (fp_text user %R (at -1.27 -24.13 180) (layer B.Fab)
      (effects (font (size 1 1) (thickness 0.15)) (justify mirror))
    )
    (pad 1 thru_hole rect (at 0 0 270) (size 1.7 1.7) (drill 1) (layers *.Cu *.Mask)
      (net 1 +3V3))
    (pad 2 thru_hole oval (at -2.54 0 270) (size 1.7 1.7) (drill 1) (layers *.Cu *.Mask)
      (net 3 "Net-(P1-Pad2)"))
    (pad 3 thru_hole oval (at 0 -2.54 270) (size 1.7 1.7) (drill 1) (layers *.Cu *.Mask)
      (net 27 /SDA0))
    (pad 4 thru_hole oval (at -2.54 -2.54 270) (size 1.7 1.7) (drill 1) (layers *.Cu *.Mask)
      (net 4 "Net-(P1-Pad4)"))
    (pad 5 thru_hole oval (at 0 -5.08 270) (size 1.7 1.7) (drill 1) (layers *.Cu *.Mask)
      (net 26 /SCL0))
    (pad 6 thru_hole oval (at -2.54 -5.08 270) (size 1.7 1.7) (drill 1) (layers *.Cu *.Mask)
      (net 2 GND))
    (pad 7 thru_hole oval (at 0 -7.62 270) (size 1.7 1.7) (drill 1) (layers *.Cu *.Mask)
      (net 30 /alarm_hive))
    (pad 8 thru_hole oval (at -2.54 -7.62 270) (size 1.7 1.7) (drill 1) (layers *.Cu *.Mask)
      (net 5 "Net-(P1-Pad8)"))
    (pad 9 thru_hole oval (at 0 -10.16 270) (size 1.7 1.7) (drill 1) (layers *.Cu *.Mask)
      (net 2 GND))
    (pad 10 thru_hole oval (at -2.54 -10.16 270) (size 1.7 1.7) (drill 1) (layers *.Cu *.Mask)
      (net 6 "Net-(P1-Pad10)"))
    (pad 11 thru_hole oval (at 0 -12.7 270) (size 1.7 1.7) (drill 1) (layers *.Cu *.Mask)
      (net 25 /SDA1))
    (pad 12 thru_hole oval (at -2.54 -12.7 270) (size 1.7 1.7) (drill 1) (layers *.Cu *.Mask)
      (net 7 "Net-(P1-Pad12)"))
    (pad 13 thru_hole oval (at 0 -15.24 270) (size 1.7 1.7) (drill 1) (layers *.Cu *.Mask)
      (net 24 /SCL1))
    (pad 14 thru_hole oval (at -2.54 -15.24 270) (size 1.7 1.7) (drill 1) (layers *.Cu *.Mask)
      (net 2 GND))
    (pad 15 thru_hole oval (at 0 -17.78 270) (size 1.7 1.7) (drill 1) (layers *.Cu *.Mask)
      (net 37 "Net-(P1-Pad15)"))
    (pad 16 thru_hole oval (at -2.54 -17.78 270) (size 1.7 1.7) (drill 1) (layers *.Cu *.Mask)
      (net 8 "Net-(P1-Pad16)"))
    (pad 17 thru_hole oval (at 0 -20.32 270) (size 1.7 1.7) (drill 1) (layers *.Cu *.Mask)
      (net 1 +3V3))
    (pad 18 thru_hole oval (at -2.54 -20.32 270) (size 1.7 1.7) (drill 1) (layers *.Cu *.Mask)
      (net 9 "Net-(P1-Pad18)"))
    (pad 19 thru_hole oval (at 0 -22.86 270) (size 1.7 1.7) (drill 1) (layers *.Cu *.Mask)
      (net 10 "Net-(P1-Pad19)"))
    (pad 20 thru_hole oval (at -2.54 -22.86 270) (size 1.7 1.7) (drill 1) (layers *.Cu *.Mask)
      (net 2 GND))
    (pad 21 thru_hole oval (at 0 -25.4 270) (size 1.7 1.7) (drill 1) (layers *.Cu *.Mask)
      (net 36 "Net-(P1-Pad21)"))
    (pad 22 thru_hole oval (at -2.54 -25.4 270) (size 1.7 1.7) (drill 1) (layers *.Cu *.Mask)
      (net 11 "Net-(P1-Pad22)"))
    (pad 23 thru_hole oval (at 0 -27.94 270) (size 1.7 1.7) (drill 1) (layers *.Cu *.Mask)
      (net 35 "Net-(P1-Pad23)"))
    (pad 24 thru_hole oval (at -2.54 -27.94 270) (size 1.7 1.7) (drill 1) (layers *.Cu *.Mask)
      (net 12 "Net-(P1-Pad24)"))
    (pad 25 thru_hole oval (at 0 -30.48 270) (size 1.7 1.7) (drill 1) (layers *.Cu *.Mask)
      (net 2 GND))
    (pad 26 thru_hole oval (at -2.54 -30.48 270) (size 1.7 1.7) (drill 1) (layers *.Cu *.Mask)
      (net 13 "Net-(P1-Pad26)"))
    (pad 27 thru_hole oval (at 0 -33.02 270) (size 1.7 1.7) (drill 1) (layers *.Cu *.Mask)
      (net 14 "Net-(P1-Pad27)"))
    (pad 28 thru_hole oval (at -2.54 -33.02 270) (size 1.7 1.7) (drill 1) (layers *.Cu *.Mask)
      (net 15 "Net-(P1-Pad28)"))
    (pad 29 thru_hole oval (at 0 -35.56 270) (size 1.7 1.7) (drill 1) (layers *.Cu *.Mask)
      (net 16 "Net-(P1-Pad29)"))
    (pad 30 thru_hole oval (at -2.54 -35.56 270) (size 1.7 1.7) (drill 1) (layers *.Cu *.Mask)
      (net 2 GND))
    (pad 31 thru_hole oval (at 0 -38.1 270) (size 1.7 1.7) (drill 1) (layers *.Cu *.Mask)
      (net 17 "Net-(P1-Pad31)"))
    (pad 32 thru_hole oval (at -2.54 -38.1 270) (size 1.7 1.7) (drill 1) (layers *.Cu *.Mask)
      (net 18 "Net-(P1-Pad32)"))
    (pad 33 thru_hole oval (at 0 -40.64 270) (size 1.7 1.7) (drill 1) (layers *.Cu *.Mask)
      (net 19 "Net-(P1-Pad33)"))
    (pad 34 thru_hole oval (at -2.54 -40.64 270) (size 1.7 1.7) (drill 1) (layers *.Cu *.Mask)
      (net 2 GND))
    (pad 35 thru_hole oval (at 0 -43.18 270) (size 1.7 1.7) (drill 1) (layers *.Cu *.Mask)
      (net 20 "Net-(P1-Pad35)"))
    (pad 36 thru_hole oval (at -2.54 -43.18 270) (size 1.7 1.7) (drill 1) (layers *.Cu *.Mask)
      (net 21 "Net-(P1-Pad36)"))
    (pad 37 thru_hole oval (at 0 -45.72 270) (size 1.7 1.7) (drill 1) (layers *.Cu *.Mask)
      (net 31 /alarm_air))
    (pad 38 thru_hole oval (at -2.54 -45.72 270) (size 1.7 1.7) (drill 1) (layers *.Cu *.Mask)
      (net 22 "Net-(P1-Pad38)"))
    (pad 39 thru_hole oval (at 0 -48.26 270) (size 1.7 1.7) (drill 1) (layers *.Cu *.Mask)
      (net 2 GND))
    (pad 40 thru_hole oval (at -2.54 -48.26 270) (size 1.7 1.7) (drill 1) (layers *.Cu *.Mask)
      (net 23 "Net-(P1-Pad40)"))
    (model ${KISYS3DMOD}/Connector_PinSocket_2.54mm.3dshapes/PinSocket_2x20_P2.54mm_Vertical.wrl
      (at (xyz 0 0 0))
      (scale (xyz 1 1 1))
      (rotate (xyz 0 0 0))
    )
  )

  (module MountingHole:MountingHole_2.7mm_M2.5 (layer F.Cu) (tedit 5C461B88) (tstamp 5A793E98)
    (at 261.5 146.5)
    (descr "Mounting Hole 2.7mm, no annular, M2.5")
    (tags "mounting hole 2.7mm no annular m2.5")
    (path /5834FC4F)
    (attr virtual)
    (fp_text reference MK4 (at 0.095 0.325) (layer F.SilkS) hide
      (effects (font (size 1 1) (thickness 0.15)))
    )
    (fp_text value M2.5 (at 0 3.7) (layer F.Fab)
      (effects (font (size 1 1) (thickness 0.15)))
    )
    (fp_circle (center 0 0) (end 2.95 0) (layer F.CrtYd) (width 0.05))
    (fp_circle (center 0 0) (end 2.7 0) (layer Cmts.User) (width 0.15))
    (fp_text user %R (at 0.3 0) (layer F.Fab)
      (effects (font (size 1 1) (thickness 0.15)))
    )
    (pad 1 np_thru_hole circle (at 0 0) (size 2.7 2.7) (drill 2.7) (layers *.Cu *.Mask))
  )

